0
1
100
102
125
129
132
133
134
136
137
138
139
140
141
142
143
144
145
146
147
150
159
160
161
162
165
169
170
179
180
195
198
219
220
221
238
239
240
249
250
251
254
255
256
264
270
276
278
280
286
287
288
289
290
291
292
293
294
295
296
297
298
299
300
301
302
303
304
305
307
308
309
31
310
311
312
314
315
316
317
318
319
345
351
352
357
37
370
3712
372
380
381
382
383
387
391
398
399
402
410
424
434
440
446
447
448
449
459
467
483
5
506
516
523
537
550
557
582
585
587
589
6
608
69
74
8
84
88
89
91
92
93
94
95
98
99
